-len 2,4,8,32,1024,16384,262144,4194304 -ncycles 1000 -calctime 1
-len 2,4,8,32,1024,16384,262144,4194304 -ncycles 1000 -calctime 4
-len 2,4,8,32,1024,16384,262144,4194304 -ncycles 1000 -calctime 8
-len 2,4,8,32,1024,16384,262144,4194304 -ncycles 1000 -calctime 16
-len 2,4,8,32,1024,16384,262144,4194304 -ncycles 1000 -calctime 24
-len 2,4,8,32,1024,16384,262144,4194304 -ncycles 1000 -calctime 32
-len 2,4,8,32,1024,16384,262144,4194304 -ncycles 5000 -calctime 1
-len 2,4,8,32,1024,16384,262144,4194304 -ncycles 5000 -calctime 4
-len 2,4,8,32,1024,16384,262144,4194304 -ncycles 5000 -calctime 8
-len 2,4,8,32,1024,16384,262144,4194304 -ncycles 5000 -calctime 16
-len 2,4,8,32,1024,16384,262144,4194304 -ncycles 5000 -calctime 24
-len 2,4,8,32,1024,16384,262144,4194304 -ncycles 5000 -calctime 32

-len 2,4,8,32,1024,16384,262144,4194304 -ncycles 1000 -calctime 1
-len 2,4,8,32,1024,16384,262144,4194304 -ncycles 1000 -calctime 2
-len 2,4,8,32,1024,16384,262144,4194304 -ncycles 1000 -calctime 3
-len 2,4,8,32,1024,16384,262144,4194304 -ncycles 1000 -calctime 4
-len 2,4,8,32,1024,16384,262144,4194304 -ncycles 1000 -calctime 5
-len 2,4,8,32,1024,16384,262144,4194304 -ncycles 1000 -calctime 6
-len 2,4,8,32,1024,16384,262144,4194304 -ncycles 1000 -calctime 7
-len 2,4,8,32,1024,16384,262144,4194304 -ncycles 1000 -calctime 8
-len 2,4,8,32,1024,16384,262144,4194304 -ncycles 1000 -calctime 9
-len 2,4,8,32,1024,16384,262144,4194304 -ncycles 1000 -calctime 10
-len 2,4,8,32,1024,16384,262144,4194304 -ncycles 500 -calctime 1
-len 2,4,8,32,1024,16384,262144,4194304 -ncycles 500 -calctime 2
-len 2,4,8,32,1024,16384,262144,4194304 -ncycles 500 -calctime 3
-len 2,4,8,32,1024,16384,262144,4194304 -ncycles 500 -calctime 4
-len 2,4,8,32,1024,16384,262144,4194304 -ncycles 500 -calctime 5
-len 2,4,8,32,1024,16384,262144,4194304 -ncycles 500 -calctime 6
-len 2,4,8,32,1024,16384,262144,4194304 -ncycles 500 -calctime 7
-len 2,4,8,32,1024,16384,262144,4194304 -ncycles 500 -calctime 8
-len 2,4,8,32,1024,16384,262144,4194304 -ncycles 500 -calctime 9
-len 2,4,8,32,1024,16384,262144,4194304 -ncycles 500 -calctime 10
-len 2,4,8,32,1024,16384,262144,4194304 -ncycles 2000 -calctime 1
-len 2,4,8,32,1024,16384,262144,4194304 -ncycles 2000 -calctime 2
-len 2,4,8,32,1024,16384,262144,4194304 -ncycles 2000 -calctime 3
-len 2,4,8,32,1024,16384,262144,4194304 -ncycles 2000 -calctime 4
-len 2,4,8,32,1024,16384,262144,4194304 -ncycles 2000 -calctime 5
-len 2,4,8,32,1024,16384,262144,4194304 -ncycles 2000 -calctime 6
-len 2,4,8,32,1024,16384,262144,4194304 -ncycles 2000 -calctime 7
-len 2,4,8,32,1024,16384,262144,4194304 -ncycles 2000 -calctime 8
-len 2,4,8,32,1024,16384,262144,4194304 -ncycles 2000 -calctime 9
-len 2,4,8,32,1024,16384,262144,4194304 -ncycles 2000 -calctime 10
